{
 "cells": [
  {
   "cell_type": "markdown",
   "id": "df1d27ba-1371-4ce9-bdf9-1c1fc88970cd",
   "metadata": {},
   "source": [
    "# Statistics "
   ]
  },
  {
   "cell_type": "markdown",
   "id": "44e0dcd4-aefd-4b12-98e8-2650c952c5b0",
   "metadata": {
    "tags": []
   },
   "source": [
    "## Key Terms for Data Types\n",
    "## Numeric\n",
    "Data that are expressed on a numeric scale.\n",
    "### Continuous\n",
    "Data that can take on any value in an interval. (Synonyms: interval, float,\n",
    "numeric)\n",
    "### Discrete\n",
    "Data that can take on only integer values, such as counts. (Synonyms: integer,\n",
    "count)\n",
    "###  Categorical\n",
    "Data that can take on only a specific set of values representing a set of possible\n",
    "categories. (Synonyms: enums, enumerated, factors, nominal)\n",
    "### Binary\n",
    "A special case of categorical data with just two categories of values, e.g., 0/1,\n",
    "true/false. (Synonyms: dichotomous, logical, indicator, boolean)\n",
    "Ordinal\n",
    "Categorical data that has an explicit ordering. (Synonym: ordered factor)"
   ]
  },
  {
   "cell_type": "markdown",
   "id": "e933a871-eef8-45d8-ba01-75d085d32dd1",
   "metadata": {
    "tags": []
   },
   "source": [
    "# Key Terms for Estimates of Location\n",
    "## Mean\n",
    "The sum of all values divided by the number of values.\n",
    "Synonym\n",
    "average\n",
    "## Weighted mean\n",
    "The sum of all values times a weight divided by the sum of the weights.\n",
    "Synonym\n",
    "weighted average\n",
    "## Median\n",
    "The value such that one-half of the data lies above and below.\n",
    "Synonym\n",
    "## 50th percentile\n",
    "Percentile\n",
    "The value such that P percent of the data lies below.\n",
    "Synonym\n",
    "quantile\n",
    "## Weighted median\n",
    "The value such that one-half of the sum of the weights lies above and below the\n",
    "sorted data.\n",
    "## Trimmed mean\n",
    "The average of all values after dropping a fixed number of extreme values.\n",
    "Synonym\n",
    "truncated mean\n",
    "## Robust\n",
    "Not sensitive to extreme values.\n",
    "Synonym\n",
    "resistant\n",
    "## Outlier\n",
    "A data value that is very different from most of the data.\n",
    "Synonym\n",
    "extreme value"
   ]
  },
  {
   "cell_type": "markdown",
   "id": "17dcba60-9231-49f9-9dfc-0a9b84c30926",
   "metadata": {},
   "source": [
    "# Key Terms for Variability Metrics\n",
    "## Deviations\n",
    "The difference between the observed values and the estimate of location.\n",
    "Synonyms\n",
    "errors, residuals\n",
    "##  Variance\n",
    "The sum of squared deviations from the mean divided by n – 1 where n is the\n",
    "number of data values.\n",
    "Synonym\n",
    "mean-squared-error\n",
    "## Standard deviation\n",
    "The square root of the variance.\n",
    "##  Mean absolute deviation\n",
    "The mean of the absolute values of the deviations from the mean.\n",
    "## Range\n",
    "The difference between the largest and the smallest value in a data set.\n",
    "## Order statistics\n",
    "Metrics based on the data values sorted from smallest to biggest.\n",
    "Synonym\n",
    "ranks\n",
    "## Percentile\n",
    "The value such that P percent of the values take on this value or less and (100–P)\n",
    "percent take on this value or more.\n",
    "Synonym\n",
    "quantile\n",
    "##  Interquartile range\n",
    "The difference between the 75th percentile and the 25th percentile.\n",
    "Synonym\n",
    "IQR"
   ]
  },
  {
   "cell_type": "code",
   "execution_count": 159,
   "id": "ec39d26f-5dc9-4534-9cd2-4d645310737b",
   "metadata": {
    "tags": []
   },
   "outputs": [],
   "source": [
    "%matplotlib inline\n",
    "import pandas as pd\n",
    "import matplotlib.pyplot as plt\n",
    "import seaborn as sns\n",
    "sns.set(style=\"darkgrid\")"
   ]
  },
  {
   "cell_type": "code",
   "execution_count": 160,
   "id": "cd7761f8-5610-43ec-b0d8-89226e5df496",
   "metadata": {
    "tags": []
   },
   "outputs": [],
   "source": [
    "data = pd.read_csv(\"c:/home/DSAI/datasets/bodyfat.csv\");"
   ]
  },
  {
   "cell_type": "markdown",
   "id": "5381714d-718f-49cf-8bdc-3aaadbb513de",
   "metadata": {},
   "source": [
    "### Null Values?"
   ]
  },
  {
   "cell_type": "code",
   "execution_count": 172,
   "id": "778dcd9e-3ae5-4201-aee4-8b492f72d2db",
   "metadata": {
    "tags": []
   },
   "outputs": [
    {
     "name": "stdout",
     "output_type": "stream",
     "text": [
      "     Density  BodyFat    Age  Weight  Height   Neck  Chest  Abdomen    Hip  \\\n",
      "0      False    False  False   False   False  False  False    False  False   \n",
      "1      False    False  False   False   False  False  False    False  False   \n",
      "2      False    False  False   False   False  False  False    False  False   \n",
      "3      False    False  False   False   False  False  False    False  False   \n",
      "4      False    False  False   False   False  False  False    False  False   \n",
      "..       ...      ...    ...     ...     ...    ...    ...      ...    ...   \n",
      "247    False    False  False   False   False  False  False    False  False   \n",
      "248    False    False  False   False   False  False  False    False  False   \n",
      "249    False    False  False   False   False  False  False    False  False   \n",
      "250    False    False  False   False   False  False  False    False  False   \n",
      "251    False    False  False   False   False  False  False    False  False   \n",
      "\n",
      "     Thigh   Knee  Ankle  Biceps  Forearm  Wrist  \n",
      "0    False  False  False   False    False  False  \n",
      "1    False  False  False   False    False  False  \n",
      "2    False  False  False   False    False  False  \n",
      "3    False  False  False   False    False  False  \n",
      "4    False  False  False   False    False  False  \n",
      "..     ...    ...    ...     ...      ...    ...  \n",
      "247  False  False  False   False    False  False  \n",
      "248  False  False  False   False    False  False  \n",
      "249  False  False  False   False    False  False  \n",
      "250  False  False  False   False    False  False  \n",
      "251  False  False  False   False    False  False  \n",
      "\n",
      "[252 rows x 15 columns]\n",
      "Density    0\n",
      "BodyFat    0\n",
      "Age        0\n",
      "Weight     0\n",
      "Height     0\n",
      "Neck       0\n",
      "Chest      0\n",
      "Abdomen    0\n",
      "Hip        0\n",
      "Thigh      0\n",
      "Knee       0\n",
      "Ankle      0\n",
      "Biceps     0\n",
      "Forearm    0\n",
      "Wrist      0\n",
      "dtype: int64\n",
      "0\n"
     ]
    }
   ],
   "source": [
    "data.isna()\n",
    "data.isna().any()\n",
    "print(data.isnull())\n",
    "print(data.isnull().sum()) # Null values in rows\n",
    "print(data.isnull().sum().sum()) # Sum of all null values"
   ]
  },
  {
   "cell_type": "code",
   "execution_count": 146,
   "id": "0cae22ac-9394-4079-9595-732c3c0dcd92",
   "metadata": {
    "tags": []
   },
   "outputs": [
    {
     "data": {
      "text/html": [
       "<div>\n",
       "<style scoped>\n",
       "    .dataframe tbody tr th:only-of-type {\n",
       "        vertical-align: middle;\n",
       "    }\n",
       "\n",
       "    .dataframe tbody tr th {\n",
       "        vertical-align: top;\n",
       "    }\n",
       "\n",
       "    .dataframe thead th {\n",
       "        text-align: right;\n",
       "    }\n",
       "</style>\n",
       "<table border=\"1\" class=\"dataframe\">\n",
       "  <thead>\n",
       "    <tr style=\"text-align: right;\">\n",
       "      <th></th>\n",
       "      <th>Density</th>\n",
       "      <th>BodyFat</th>\n",
       "      <th>Age</th>\n",
       "      <th>Weight</th>\n",
       "      <th>Height</th>\n",
       "      <th>Neck</th>\n",
       "      <th>Chest</th>\n",
       "      <th>Abdomen</th>\n",
       "      <th>Hip</th>\n",
       "      <th>Thigh</th>\n",
       "      <th>Knee</th>\n",
       "      <th>Ankle</th>\n",
       "      <th>Biceps</th>\n",
       "      <th>Forearm</th>\n",
       "      <th>Wrist</th>\n",
       "    </tr>\n",
       "  </thead>\n",
       "  <tbody>\n",
       "    <tr>\n",
       "      <th>count</th>\n",
       "      <td>252.000000</td>\n",
       "      <td>252.000000</td>\n",
       "      <td>252.000000</td>\n",
       "      <td>252.000000</td>\n",
       "      <td>252.000000</td>\n",
       "      <td>252.000000</td>\n",
       "      <td>252.000000</td>\n",
       "      <td>252.000000</td>\n",
       "      <td>252.000000</td>\n",
       "      <td>252.000000</td>\n",
       "      <td>252.000000</td>\n",
       "      <td>252.000000</td>\n",
       "      <td>252.000000</td>\n",
       "      <td>252.000000</td>\n",
       "      <td>252.000000</td>\n",
       "    </tr>\n",
       "    <tr>\n",
       "      <th>mean</th>\n",
       "      <td>1.055574</td>\n",
       "      <td>19.150794</td>\n",
       "      <td>44.884921</td>\n",
       "      <td>178.924405</td>\n",
       "      <td>70.148810</td>\n",
       "      <td>37.992063</td>\n",
       "      <td>100.824206</td>\n",
       "      <td>92.555952</td>\n",
       "      <td>99.904762</td>\n",
       "      <td>59.405952</td>\n",
       "      <td>38.590476</td>\n",
       "      <td>23.102381</td>\n",
       "      <td>32.273413</td>\n",
       "      <td>28.663889</td>\n",
       "      <td>18.229762</td>\n",
       "    </tr>\n",
       "    <tr>\n",
       "      <th>std</th>\n",
       "      <td>0.019031</td>\n",
       "      <td>8.368740</td>\n",
       "      <td>12.602040</td>\n",
       "      <td>29.389160</td>\n",
       "      <td>3.662856</td>\n",
       "      <td>2.430913</td>\n",
       "      <td>8.430476</td>\n",
       "      <td>10.783077</td>\n",
       "      <td>7.164058</td>\n",
       "      <td>5.249952</td>\n",
       "      <td>2.411805</td>\n",
       "      <td>1.694893</td>\n",
       "      <td>3.021274</td>\n",
       "      <td>2.020691</td>\n",
       "      <td>0.933585</td>\n",
       "    </tr>\n",
       "    <tr>\n",
       "      <th>min</th>\n",
       "      <td>0.995000</td>\n",
       "      <td>0.000000</td>\n",
       "      <td>22.000000</td>\n",
       "      <td>118.500000</td>\n",
       "      <td>29.500000</td>\n",
       "      <td>31.100000</td>\n",
       "      <td>79.300000</td>\n",
       "      <td>69.400000</td>\n",
       "      <td>85.000000</td>\n",
       "      <td>47.200000</td>\n",
       "      <td>33.000000</td>\n",
       "      <td>19.100000</td>\n",
       "      <td>24.800000</td>\n",
       "      <td>21.000000</td>\n",
       "      <td>15.800000</td>\n",
       "    </tr>\n",
       "    <tr>\n",
       "      <th>25%</th>\n",
       "      <td>1.041400</td>\n",
       "      <td>12.475000</td>\n",
       "      <td>35.750000</td>\n",
       "      <td>159.000000</td>\n",
       "      <td>68.250000</td>\n",
       "      <td>36.400000</td>\n",
       "      <td>94.350000</td>\n",
       "      <td>84.575000</td>\n",
       "      <td>95.500000</td>\n",
       "      <td>56.000000</td>\n",
       "      <td>36.975000</td>\n",
       "      <td>22.000000</td>\n",
       "      <td>30.200000</td>\n",
       "      <td>27.300000</td>\n",
       "      <td>17.600000</td>\n",
       "    </tr>\n",
       "    <tr>\n",
       "      <th>50%</th>\n",
       "      <td>1.054900</td>\n",
       "      <td>19.200000</td>\n",
       "      <td>43.000000</td>\n",
       "      <td>176.500000</td>\n",
       "      <td>70.000000</td>\n",
       "      <td>38.000000</td>\n",
       "      <td>99.650000</td>\n",
       "      <td>90.950000</td>\n",
       "      <td>99.300000</td>\n",
       "      <td>59.000000</td>\n",
       "      <td>38.500000</td>\n",
       "      <td>22.800000</td>\n",
       "      <td>32.050000</td>\n",
       "      <td>28.700000</td>\n",
       "      <td>18.300000</td>\n",
       "    </tr>\n",
       "    <tr>\n",
       "      <th>75%</th>\n",
       "      <td>1.070400</td>\n",
       "      <td>25.300000</td>\n",
       "      <td>54.000000</td>\n",
       "      <td>197.000000</td>\n",
       "      <td>72.250000</td>\n",
       "      <td>39.425000</td>\n",
       "      <td>105.375000</td>\n",
       "      <td>99.325000</td>\n",
       "      <td>103.525000</td>\n",
       "      <td>62.350000</td>\n",
       "      <td>39.925000</td>\n",
       "      <td>24.000000</td>\n",
       "      <td>34.325000</td>\n",
       "      <td>30.000000</td>\n",
       "      <td>18.800000</td>\n",
       "    </tr>\n",
       "    <tr>\n",
       "      <th>max</th>\n",
       "      <td>1.108900</td>\n",
       "      <td>47.500000</td>\n",
       "      <td>81.000000</td>\n",
       "      <td>363.150000</td>\n",
       "      <td>77.750000</td>\n",
       "      <td>51.200000</td>\n",
       "      <td>136.200000</td>\n",
       "      <td>148.100000</td>\n",
       "      <td>147.700000</td>\n",
       "      <td>87.300000</td>\n",
       "      <td>49.100000</td>\n",
       "      <td>33.900000</td>\n",
       "      <td>45.000000</td>\n",
       "      <td>34.900000</td>\n",
       "      <td>21.400000</td>\n",
       "    </tr>\n",
       "  </tbody>\n",
       "</table>\n",
       "</div>"
      ],
      "text/plain": [
       "          Density     BodyFat         Age      Weight      Height        Neck  \\\n",
       "count  252.000000  252.000000  252.000000  252.000000  252.000000  252.000000   \n",
       "mean     1.055574   19.150794   44.884921  178.924405   70.148810   37.992063   \n",
       "std      0.019031    8.368740   12.602040   29.389160    3.662856    2.430913   \n",
       "min      0.995000    0.000000   22.000000  118.500000   29.500000   31.100000   \n",
       "25%      1.041400   12.475000   35.750000  159.000000   68.250000   36.400000   \n",
       "50%      1.054900   19.200000   43.000000  176.500000   70.000000   38.000000   \n",
       "75%      1.070400   25.300000   54.000000  197.000000   72.250000   39.425000   \n",
       "max      1.108900   47.500000   81.000000  363.150000   77.750000   51.200000   \n",
       "\n",
       "            Chest     Abdomen         Hip       Thigh        Knee       Ankle  \\\n",
       "count  252.000000  252.000000  252.000000  252.000000  252.000000  252.000000   \n",
       "mean   100.824206   92.555952   99.904762   59.405952   38.590476   23.102381   \n",
       "std      8.430476   10.783077    7.164058    5.249952    2.411805    1.694893   \n",
       "min     79.300000   69.400000   85.000000   47.200000   33.000000   19.100000   \n",
       "25%     94.350000   84.575000   95.500000   56.000000   36.975000   22.000000   \n",
       "50%     99.650000   90.950000   99.300000   59.000000   38.500000   22.800000   \n",
       "75%    105.375000   99.325000  103.525000   62.350000   39.925000   24.000000   \n",
       "max    136.200000  148.100000  147.700000   87.300000   49.100000   33.900000   \n",
       "\n",
       "           Biceps     Forearm       Wrist  \n",
       "count  252.000000  252.000000  252.000000  \n",
       "mean    32.273413   28.663889   18.229762  \n",
       "std      3.021274    2.020691    0.933585  \n",
       "min     24.800000   21.000000   15.800000  \n",
       "25%     30.200000   27.300000   17.600000  \n",
       "50%     32.050000   28.700000   18.300000  \n",
       "75%     34.325000   30.000000   18.800000  \n",
       "max     45.000000   34.900000   21.400000  "
      ]
     },
     "execution_count": 146,
     "metadata": {},
     "output_type": "execute_result"
    }
   ],
   "source": [
    "data.describe()"
   ]
  },
  {
   "cell_type": "markdown",
   "id": "dd3c536d-5a5c-439d-9133-1df87b792650",
   "metadata": {},
   "source": [
    "## Statistical functions"
   ]
  },
  {
   "cell_type": "code",
   "execution_count": 154,
   "id": "1728466f-41e2-487c-90f0-3ce7fcb382b2",
   "metadata": {
    "tags": []
   },
   "outputs": [
    {
     "name": "stdout",
     "output_type": "stream",
     "text": [
      "1.0555738095238094 178.92440476190475\n",
      "19.2 13.416512521343192\n",
      "19.2\n",
      "      BodyFat    Weight\n",
      "0.05    6.055  136.3875\n",
      "0.25   12.475  159.0000\n",
      "0.50   19.200  176.5000\n",
      "0.75   25.300  197.0000\n",
      "0.95   32.600  225.6500\n"
     ]
    }
   ],
   "source": [
    "print(data[\"Density\"].mean(), data[\"Weight\"].mean()); \n",
    "print(data[\"BodyFat\"].median(),data[\"Height\"].var()); \n",
    "print(data[\"BodyFat\"].quantile(0.5))\n",
    "print(data[[\"BodyFat\",\"Weight\"]].quantile([0.05, 0.25, 0.5, 0.75, 0.95]))"
   ]
  },
  {
   "cell_type": "code",
   "execution_count": 143,
   "id": "7bc5db32-afc2-42f7-88fc-601782dca0a3",
   "metadata": {
    "tags": []
   },
   "outputs": [
    {
     "data": {
      "text/plain": [
       "8      191.00\n",
       "25     159.25\n",
       "28     133.25\n",
       "49     127.50\n",
       "54     136.25\n",
       "170    152.25\n",
       "171    125.75\n",
       "181    118.50\n",
       "Name: Weight, dtype: float64"
      ]
     },
     "execution_count": 143,
     "metadata": {},
     "output_type": "execute_result"
    }
   ],
   "source": [
    "# data[\"BodyFat\"].max()\n",
    "data[data[\"BodyFat\"] <=5]\n",
    "data.loc[data[\"BodyFat\"] <=5, \"Weight\"]  # only Weight Col for BodyFat < 5"
   ]
  },
  {
   "cell_type": "code",
   "execution_count": 23,
   "id": "513aac5c-67ed-44a9-ac8a-6dc8f9239b40",
   "metadata": {
    "tags": []
   },
   "outputs": [
    {
     "data": {
      "text/html": [
       "<div>\n",
       "<style scoped>\n",
       "    .dataframe tbody tr th:only-of-type {\n",
       "        vertical-align: middle;\n",
       "    }\n",
       "\n",
       "    .dataframe tbody tr th {\n",
       "        vertical-align: top;\n",
       "    }\n",
       "\n",
       "    .dataframe thead th {\n",
       "        text-align: right;\n",
       "    }\n",
       "</style>\n",
       "<table border=\"1\" class=\"dataframe\">\n",
       "  <thead>\n",
       "    <tr style=\"text-align: right;\">\n",
       "      <th></th>\n",
       "      <th>Density</th>\n",
       "      <th>BodyFat</th>\n",
       "      <th>Age</th>\n",
       "      <th>Weight</th>\n",
       "      <th>Height</th>\n",
       "      <th>Neck</th>\n",
       "      <th>Chest</th>\n",
       "      <th>Abdomen</th>\n",
       "      <th>Hip</th>\n",
       "      <th>Thigh</th>\n",
       "      <th>Knee</th>\n",
       "      <th>Ankle</th>\n",
       "      <th>Biceps</th>\n",
       "      <th>Forearm</th>\n",
       "      <th>Wrist</th>\n",
       "    </tr>\n",
       "  </thead>\n",
       "  <tbody>\n",
       "    <tr>\n",
       "      <th>Density</th>\n",
       "      <td>1.000000</td>\n",
       "      <td>-0.987782</td>\n",
       "      <td>-0.277637</td>\n",
       "      <td>-0.594062</td>\n",
       "      <td>0.097881</td>\n",
       "      <td>-0.472966</td>\n",
       "      <td>-0.682599</td>\n",
       "      <td>-0.798955</td>\n",
       "      <td>-0.609331</td>\n",
       "      <td>-0.553091</td>\n",
       "      <td>-0.495040</td>\n",
       "      <td>-0.264890</td>\n",
       "      <td>-0.487109</td>\n",
       "      <td>-0.351648</td>\n",
       "      <td>-0.325716</td>\n",
       "    </tr>\n",
       "    <tr>\n",
       "      <th>BodyFat</th>\n",
       "      <td>-0.987782</td>\n",
       "      <td>1.000000</td>\n",
       "      <td>0.291458</td>\n",
       "      <td>0.612414</td>\n",
       "      <td>-0.089495</td>\n",
       "      <td>0.490592</td>\n",
       "      <td>0.702620</td>\n",
       "      <td>0.813432</td>\n",
       "      <td>0.625201</td>\n",
       "      <td>0.559608</td>\n",
       "      <td>0.508665</td>\n",
       "      <td>0.265970</td>\n",
       "      <td>0.493271</td>\n",
       "      <td>0.361387</td>\n",
       "      <td>0.346575</td>\n",
       "    </tr>\n",
       "    <tr>\n",
       "      <th>Age</th>\n",
       "      <td>-0.277637</td>\n",
       "      <td>0.291458</td>\n",
       "      <td>1.000000</td>\n",
       "      <td>-0.012746</td>\n",
       "      <td>-0.171645</td>\n",
       "      <td>0.113505</td>\n",
       "      <td>0.176450</td>\n",
       "      <td>0.230409</td>\n",
       "      <td>-0.050332</td>\n",
       "      <td>-0.200096</td>\n",
       "      <td>0.017516</td>\n",
       "      <td>-0.105058</td>\n",
       "      <td>-0.041162</td>\n",
       "      <td>-0.085056</td>\n",
       "      <td>0.213531</td>\n",
       "    </tr>\n",
       "    <tr>\n",
       "      <th>Weight</th>\n",
       "      <td>-0.594062</td>\n",
       "      <td>0.612414</td>\n",
       "      <td>-0.012746</td>\n",
       "      <td>1.000000</td>\n",
       "      <td>0.308279</td>\n",
       "      <td>0.830716</td>\n",
       "      <td>0.894191</td>\n",
       "      <td>0.887995</td>\n",
       "      <td>0.940884</td>\n",
       "      <td>0.868694</td>\n",
       "      <td>0.853167</td>\n",
       "      <td>0.613685</td>\n",
       "      <td>0.800416</td>\n",
       "      <td>0.630301</td>\n",
       "      <td>0.729775</td>\n",
       "    </tr>\n",
       "    <tr>\n",
       "      <th>Height</th>\n",
       "      <td>0.097881</td>\n",
       "      <td>-0.089495</td>\n",
       "      <td>-0.171645</td>\n",
       "      <td>0.308279</td>\n",
       "      <td>1.000000</td>\n",
       "      <td>0.253710</td>\n",
       "      <td>0.134892</td>\n",
       "      <td>0.087813</td>\n",
       "      <td>0.170394</td>\n",
       "      <td>0.148436</td>\n",
       "      <td>0.286053</td>\n",
       "      <td>0.264744</td>\n",
       "      <td>0.207816</td>\n",
       "      <td>0.228649</td>\n",
       "      <td>0.322065</td>\n",
       "    </tr>\n",
       "    <tr>\n",
       "      <th>Neck</th>\n",
       "      <td>-0.472966</td>\n",
       "      <td>0.490592</td>\n",
       "      <td>0.113505</td>\n",
       "      <td>0.830716</td>\n",
       "      <td>0.253710</td>\n",
       "      <td>1.000000</td>\n",
       "      <td>0.784835</td>\n",
       "      <td>0.754077</td>\n",
       "      <td>0.734958</td>\n",
       "      <td>0.695697</td>\n",
       "      <td>0.672405</td>\n",
       "      <td>0.477892</td>\n",
       "      <td>0.731146</td>\n",
       "      <td>0.623660</td>\n",
       "      <td>0.744826</td>\n",
       "    </tr>\n",
       "    <tr>\n",
       "      <th>Chest</th>\n",
       "      <td>-0.682599</td>\n",
       "      <td>0.702620</td>\n",
       "      <td>0.176450</td>\n",
       "      <td>0.894191</td>\n",
       "      <td>0.134892</td>\n",
       "      <td>0.784835</td>\n",
       "      <td>1.000000</td>\n",
       "      <td>0.915828</td>\n",
       "      <td>0.829420</td>\n",
       "      <td>0.729859</td>\n",
       "      <td>0.719496</td>\n",
       "      <td>0.482988</td>\n",
       "      <td>0.727907</td>\n",
       "      <td>0.580173</td>\n",
       "      <td>0.660162</td>\n",
       "    </tr>\n",
       "    <tr>\n",
       "      <th>Abdomen</th>\n",
       "      <td>-0.798955</td>\n",
       "      <td>0.813432</td>\n",
       "      <td>0.230409</td>\n",
       "      <td>0.887995</td>\n",
       "      <td>0.087813</td>\n",
       "      <td>0.754077</td>\n",
       "      <td>0.915828</td>\n",
       "      <td>1.000000</td>\n",
       "      <td>0.874066</td>\n",
       "      <td>0.766624</td>\n",
       "      <td>0.737179</td>\n",
       "      <td>0.453223</td>\n",
       "      <td>0.684983</td>\n",
       "      <td>0.503316</td>\n",
       "      <td>0.619832</td>\n",
       "    </tr>\n",
       "    <tr>\n",
       "      <th>Hip</th>\n",
       "      <td>-0.609331</td>\n",
       "      <td>0.625201</td>\n",
       "      <td>-0.050332</td>\n",
       "      <td>0.940884</td>\n",
       "      <td>0.170394</td>\n",
       "      <td>0.734958</td>\n",
       "      <td>0.829420</td>\n",
       "      <td>0.874066</td>\n",
       "      <td>1.000000</td>\n",
       "      <td>0.896410</td>\n",
       "      <td>0.823473</td>\n",
       "      <td>0.558387</td>\n",
       "      <td>0.739273</td>\n",
       "      <td>0.545014</td>\n",
       "      <td>0.630090</td>\n",
       "    </tr>\n",
       "    <tr>\n",
       "      <th>Thigh</th>\n",
       "      <td>-0.553091</td>\n",
       "      <td>0.559608</td>\n",
       "      <td>-0.200096</td>\n",
       "      <td>0.868694</td>\n",
       "      <td>0.148436</td>\n",
       "      <td>0.695697</td>\n",
       "      <td>0.729859</td>\n",
       "      <td>0.766624</td>\n",
       "      <td>0.896410</td>\n",
       "      <td>1.000000</td>\n",
       "      <td>0.799170</td>\n",
       "      <td>0.539797</td>\n",
       "      <td>0.761477</td>\n",
       "      <td>0.566842</td>\n",
       "      <td>0.558685</td>\n",
       "    </tr>\n",
       "    <tr>\n",
       "      <th>Knee</th>\n",
       "      <td>-0.495040</td>\n",
       "      <td>0.508665</td>\n",
       "      <td>0.017516</td>\n",
       "      <td>0.853167</td>\n",
       "      <td>0.286053</td>\n",
       "      <td>0.672405</td>\n",
       "      <td>0.719496</td>\n",
       "      <td>0.737179</td>\n",
       "      <td>0.823473</td>\n",
       "      <td>0.799170</td>\n",
       "      <td>1.000000</td>\n",
       "      <td>0.611608</td>\n",
       "      <td>0.678709</td>\n",
       "      <td>0.555898</td>\n",
       "      <td>0.664507</td>\n",
       "    </tr>\n",
       "    <tr>\n",
       "      <th>Ankle</th>\n",
       "      <td>-0.264890</td>\n",
       "      <td>0.265970</td>\n",
       "      <td>-0.105058</td>\n",
       "      <td>0.613685</td>\n",
       "      <td>0.264744</td>\n",
       "      <td>0.477892</td>\n",
       "      <td>0.482988</td>\n",
       "      <td>0.453223</td>\n",
       "      <td>0.558387</td>\n",
       "      <td>0.539797</td>\n",
       "      <td>0.611608</td>\n",
       "      <td>1.000000</td>\n",
       "      <td>0.484855</td>\n",
       "      <td>0.419050</td>\n",
       "      <td>0.566195</td>\n",
       "    </tr>\n",
       "    <tr>\n",
       "      <th>Biceps</th>\n",
       "      <td>-0.487109</td>\n",
       "      <td>0.493271</td>\n",
       "      <td>-0.041162</td>\n",
       "      <td>0.800416</td>\n",
       "      <td>0.207816</td>\n",
       "      <td>0.731146</td>\n",
       "      <td>0.727907</td>\n",
       "      <td>0.684983</td>\n",
       "      <td>0.739273</td>\n",
       "      <td>0.761477</td>\n",
       "      <td>0.678709</td>\n",
       "      <td>0.484855</td>\n",
       "      <td>1.000000</td>\n",
       "      <td>0.678255</td>\n",
       "      <td>0.632126</td>\n",
       "    </tr>\n",
       "    <tr>\n",
       "      <th>Forearm</th>\n",
       "      <td>-0.351648</td>\n",
       "      <td>0.361387</td>\n",
       "      <td>-0.085056</td>\n",
       "      <td>0.630301</td>\n",
       "      <td>0.228649</td>\n",
       "      <td>0.623660</td>\n",
       "      <td>0.580173</td>\n",
       "      <td>0.503316</td>\n",
       "      <td>0.545014</td>\n",
       "      <td>0.566842</td>\n",
       "      <td>0.555898</td>\n",
       "      <td>0.419050</td>\n",
       "      <td>0.678255</td>\n",
       "      <td>1.000000</td>\n",
       "      <td>0.585588</td>\n",
       "    </tr>\n",
       "    <tr>\n",
       "      <th>Wrist</th>\n",
       "      <td>-0.325716</td>\n",
       "      <td>0.346575</td>\n",
       "      <td>0.213531</td>\n",
       "      <td>0.729775</td>\n",
       "      <td>0.322065</td>\n",
       "      <td>0.744826</td>\n",
       "      <td>0.660162</td>\n",
       "      <td>0.619832</td>\n",
       "      <td>0.630090</td>\n",
       "      <td>0.558685</td>\n",
       "      <td>0.664507</td>\n",
       "      <td>0.566195</td>\n",
       "      <td>0.632126</td>\n",
       "      <td>0.585588</td>\n",
       "      <td>1.000000</td>\n",
       "    </tr>\n",
       "  </tbody>\n",
       "</table>\n",
       "</div>"
      ],
      "text/plain": [
       "          Density   BodyFat       Age    Weight    Height      Neck     Chest  \\\n",
       "Density  1.000000 -0.987782 -0.277637 -0.594062  0.097881 -0.472966 -0.682599   \n",
       "BodyFat -0.987782  1.000000  0.291458  0.612414 -0.089495  0.490592  0.702620   \n",
       "Age     -0.277637  0.291458  1.000000 -0.012746 -0.171645  0.113505  0.176450   \n",
       "Weight  -0.594062  0.612414 -0.012746  1.000000  0.308279  0.830716  0.894191   \n",
       "Height   0.097881 -0.089495 -0.171645  0.308279  1.000000  0.253710  0.134892   \n",
       "Neck    -0.472966  0.490592  0.113505  0.830716  0.253710  1.000000  0.784835   \n",
       "Chest   -0.682599  0.702620  0.176450  0.894191  0.134892  0.784835  1.000000   \n",
       "Abdomen -0.798955  0.813432  0.230409  0.887995  0.087813  0.754077  0.915828   \n",
       "Hip     -0.609331  0.625201 -0.050332  0.940884  0.170394  0.734958  0.829420   \n",
       "Thigh   -0.553091  0.559608 -0.200096  0.868694  0.148436  0.695697  0.729859   \n",
       "Knee    -0.495040  0.508665  0.017516  0.853167  0.286053  0.672405  0.719496   \n",
       "Ankle   -0.264890  0.265970 -0.105058  0.613685  0.264744  0.477892  0.482988   \n",
       "Biceps  -0.487109  0.493271 -0.041162  0.800416  0.207816  0.731146  0.727907   \n",
       "Forearm -0.351648  0.361387 -0.085056  0.630301  0.228649  0.623660  0.580173   \n",
       "Wrist   -0.325716  0.346575  0.213531  0.729775  0.322065  0.744826  0.660162   \n",
       "\n",
       "          Abdomen       Hip     Thigh      Knee     Ankle    Biceps   Forearm  \\\n",
       "Density -0.798955 -0.609331 -0.553091 -0.495040 -0.264890 -0.487109 -0.351648   \n",
       "BodyFat  0.813432  0.625201  0.559608  0.508665  0.265970  0.493271  0.361387   \n",
       "Age      0.230409 -0.050332 -0.200096  0.017516 -0.105058 -0.041162 -0.085056   \n",
       "Weight   0.887995  0.940884  0.868694  0.853167  0.613685  0.800416  0.630301   \n",
       "Height   0.087813  0.170394  0.148436  0.286053  0.264744  0.207816  0.228649   \n",
       "Neck     0.754077  0.734958  0.695697  0.672405  0.477892  0.731146  0.623660   \n",
       "Chest    0.915828  0.829420  0.729859  0.719496  0.482988  0.727907  0.580173   \n",
       "Abdomen  1.000000  0.874066  0.766624  0.737179  0.453223  0.684983  0.503316   \n",
       "Hip      0.874066  1.000000  0.896410  0.823473  0.558387  0.739273  0.545014   \n",
       "Thigh    0.766624  0.896410  1.000000  0.799170  0.539797  0.761477  0.566842   \n",
       "Knee     0.737179  0.823473  0.799170  1.000000  0.611608  0.678709  0.555898   \n",
       "Ankle    0.453223  0.558387  0.539797  0.611608  1.000000  0.484855  0.419050   \n",
       "Biceps   0.684983  0.739273  0.761477  0.678709  0.484855  1.000000  0.678255   \n",
       "Forearm  0.503316  0.545014  0.566842  0.555898  0.419050  0.678255  1.000000   \n",
       "Wrist    0.619832  0.630090  0.558685  0.664507  0.566195  0.632126  0.585588   \n",
       "\n",
       "            Wrist  \n",
       "Density -0.325716  \n",
       "BodyFat  0.346575  \n",
       "Age      0.213531  \n",
       "Weight   0.729775  \n",
       "Height   0.322065  \n",
       "Neck     0.744826  \n",
       "Chest    0.660162  \n",
       "Abdomen  0.619832  \n",
       "Hip      0.630090  \n",
       "Thigh    0.558685  \n",
       "Knee     0.664507  \n",
       "Ankle    0.566195  \n",
       "Biceps   0.632126  \n",
       "Forearm  0.585588  \n",
       "Wrist    1.000000  "
      ]
     },
     "execution_count": 23,
     "metadata": {},
     "output_type": "execute_result"
    }
   ],
   "source": [
    "data.corr()"
   ]
  },
  {
   "cell_type": "markdown",
   "id": "80b5c211-871b-47c1-8af9-184aa5b1cf7e",
   "metadata": {
    "tags": []
   },
   "source": [
    "# Key Terms for Exploring the Distribution\n",
    "## Boxplot\n",
    "A plot introduced by Tukey as a quick way to visualize the distribution of data.\n",
    "Synonym\n",
    "box and whiskers plot\n",
    "## Frequency table\n",
    "A tally of the count of numeric data values that fall into a set of intervals (bins).\n",
    "## Histogram\n",
    "A plot of the frequency table with the bins on the x-axis and the count (or proportion)\n",
    "on the y-axis. While visually similar, bar charts should not be confused\n",
    "with histograms. See “Exploring Binary and Categorical Data” on page 27 for a\n",
    "discussion of the difference.\n",
    "## Density plot\n",
    "A smoothed version of the histogram, often based on a kernel density estimate."
   ]
  },
  {
   "cell_type": "code",
   "execution_count": 20,
   "id": "8720b591-912d-4264-86d1-fd6cb69dce41",
   "metadata": {
    "tags": []
   },
   "outputs": [
    {
     "data": {
